{
  "image_width": 640,
  "image_height": 480,
  "pattern_inner_corners_cols_rows": [
    9,
    7
  ],
  "square_size_units": 0.02,
  "rms_opencv": 0.5867317867693448,
  "reprojection_rmse_px_overall": 0.5867318926590184,
  "camera_matrix_K": [
    [
      289.6279631884157,
      0.0,
      301.73071808653646
    ],
    [
      0.0,
      287.9244412454326,
      244.6318943203005
    ],
    [
      0.0,
      0.0,
      1.0
    ]
  ],
  "distortion_coefficients": [
    -0.08492335903539473,
    0.07544587446815652,
    -0.0004627603830659724,
    -0.0019418083577975405,
    -0.031046398950348036
  ],
  "views": [
    {
      "file": "WhatsApp Image 2026-01-16 at 22.28.53.jpeg",
      "rvec": [
        -0.21564074970817898,
        -0.060614276223498596,
        -2.9780754462334604
      ],
      "tvec": [
        0.07826741061206814,
        0.06731261616972956,
        0.11674902426136048
      ],
      "R": [
        [
          -0.977630639942685,
          0.1569621138797063,
          0.1400043808302807
        ],
        [
          -0.15113531984575682,
          -0.9871763880540427,
          0.0513896289507398
        ],
        [
          0.14627524377138104,
          0.02908046896093726,
          0.9888164032744574
        ]
      ],
      "T_cam_from_board_4x4": [
        [
          -0.977630639942685,
          0.1569621138797063,
          0.1400043808302807,
          0.07826741061206814
        ],
        [
          -0.15113531984575682,
          -0.9871763880540427,
          0.0513896289507398,
          0.06731261616972956
        ],
        [
          0.14627524377138104,
          0.02908046896093726,
          0.9888164032744574,
          0.11674902426136048
        ],
        [
          0.0,
          0.0,
          0.0,
          1.0
        ]
      ],
      "reprojection_rmse_px": 0.47518154978752136
    },
    {
      "file": "WhatsApp Image 2026-01-16 at 22.29.24.jpeg",
      "rvec": [
        0.1847305635181189,
        0.00576506468350714,
        3.130874354633401
      ],
      "tvec": [
        0.09555665638479788,
        0.047961911154151285,
        0.0985137533158613
      ],
      "R": [
        [
          -0.9930476748121925,
          -0.005042204953256549,
          0.1176048116333144
        ],
        [
          0.005475274725417325,
          -0.9999793669346182,
          0.003359623746972917
        ],
        [
          0.1175854451740487,
          0.003980185202898633,
          0.9930547926519319
        ]
      ],
      "T_cam_from_board_4x4": [
        [
          -0.9930476748121925,
          -0.005042204953256549,
          0.1176048116333144,
          0.09555665638479788
        ],
        [
          0.005475274725417325,
          -0.9999793669346182,
          0.003359623746972917,
          0.047961911154151285
        ],
        [
          0.1175854451740487,
          0.003980185202898633,
          0.9930547926519319,
          0.0985137533158613
        ],
        [
          0.0,
          0.0,
          0.0,
          1.0
        ]
      ],
      "reprojection_rmse_px": 1.3759162425994873
    },
    {
      "file": "WhatsApp Image 2026-01-16 at 22.30.36.jpeg",
      "rvec": [
        0.1510767666926427,
        0.08367154312933528,
        3.106936624452469
      ],
      "tvec": [
        0.07017161266735843,
        0.05627155002715928,
        0.08377532654650725
      ],
      "R": [
        [
          -0.9948409361829047,
          -0.02719913325721718,
          0.09773289540772698
        ],
        [
          0.03241989745770995,
          -0.9981085043017551,
          0.0522337428234339
        ],
        [
          0.09612732152490847,
          0.055132756058165665,
          0.9938409919428147
        ]
      ],
      "T_cam_from_board_4x4": [
        [
          -0.9948409361829047,
          -0.02719913325721718,
          0.09773289540772698,
          0.07017161266735843
        ],
        [
          0.03241989745770995,
          -0.9981085043017551,
          0.0522337428234339,
          0.05627155002715928
        ],
        [
          0.09612732152490847,
          0.055132756058165665,
          0.9938409919428147,
          0.08377532654650725
        ],
        [
          0.0,
          0.0,
          0.0,
          1.0
        ]
      ],
      "reprojection_rmse_px": 0.6384010314941406
    },
    {
      "file": "WhatsApp Image 2026-01-16 at 22.35.45.jpeg",
      "rvec": [
        -0.005079906232230216,
        0.07990057081803471,
        3.113498287757557
      ],
      "tvec": [
        0.09172717433552768,
        0.05238652170820046,
        0.07934489701329243
      ],
      "R": [
        [
          -0.9996284412724367,
          -0.027136585738011906,
          -0.002566147642303472
        ],
        [
          0.026969244993536687,
          -0.9983177305585471,
          0.05132610132194569
        ],
        [
          -0.003954645839663434,
          0.05123782359659286,
          0.9986786501219334
        ]
      ],
      "T_cam_from_board_4x4": [
        [
          -0.9996284412724367,
          -0.027136585738011906,
          -0.002566147642303472,
          0.09172717433552768
        ],
        [
          0.026969244993536687,
          -0.9983177305585471,
          0.05132610132194569,
          0.05238652170820046
        ],
        [
          -0.003954645839663434,
          0.05123782359659286,
          0.9986786501219334,
          0.07934489701329243
        ],
        [
          0.0,
          0.0,
          0.0,
          1.0
        ]
      ],
      "reprojection_rmse_px": 0.7056927680969238
    },
    {
      "file": "WhatsApp Image 2026-01-16 at 23.08.48.jpeg",
      "rvec": [
        -0.17929099578682478,
        0.12194203177164746,
        -3.039081948646287
      ],
      "tvec": [
        0.08113692117486324,
        0.06321640480889747,
        0.11021141171955749
      ],
      "R": [
        [
          -0.9886011727354939,
          0.08970383526908364,
          0.12091709227410027
        ],
        [
          -0.09910336499008275,
          -0.9923147493418156,
          -0.07409427296581023
        ],
        [
          0.11334127365460744,
          -0.08523297587616346,
          0.989893476849729
        ]
      ],
      "T_cam_from_board_4x4": [
        [
          -0.9886011727354939,
          0.08970383526908364,
          0.12091709227410027,
          0.08113692117486324
        ],
        [
          -0.09910336499008275,
          -0.9923147493418156,
          -0.07409427296581023,
          0.06321640480889747
        ],
        [
          0.11334127365460744,
          -0.08523297587616346,
          0.989893476849729,
          0.11021141171955749
        ],
        [
          0.0,
          0.0,
          0.0,
          1.0
        ]
      ],
      "reprojection_rmse_px": 0.4266049265861511
    },
    {
      "file": "WhatsApp Image 2026-01-16 at 23.09.00.jpeg",
      "rvec": [
        -0.24809849235528625,
        -0.05172193876919882,
        -3.101920383418489
      ],
      "tvec": [
        0.06728772652243988,
        0.05183921045963344,
        0.11909572217739023
      ],
      "R": [
        [
          -0.9868629744015537,
          0.03188394256885582,
          0.15838208219866395
        ],
        [
          -0.02658590771730434,
          -0.9990174647306513,
          0.035458351258746315
        ],
        [
          0.15935701825199106,
          0.030781802569173275,
          0.9867410102779901
        ]
      ],
      "T_cam_from_board_4x4": [
        [
          -0.9868629744015537,
          0.03188394256885582,
          0.15838208219866395,
          0.06728772652243988
        ],
        [
          -0.02658590771730434,
          -0.9990174647306513,
          0.035458351258746315,
          0.05183921045963344
        ],
        [
          0.15935701825199106,
          0.030781802569173275,
          0.9867410102779901,
          0.11909572217739023
        ],
        [
          0.0,
          0.0,
          0.0,
          1.0
        ]
      ],
      "reprojection_rmse_px": 0.40558120608329773
    },
    {
      "file": "WhatsApp Image 2026-01-16 at 23.09.15.jpeg",
      "rvec": [
        0.04938060465022136,
        0.2658243857417159,
        -1.4762023704031784
      ],
      "tvec": [
        -0.07771589144609516,
        0.07761277407356718,
        0.19483488676277638
      ],
      "R": [
        [
          0.07098800232486083,
          0.9866465787940465,
          0.14659206008487968
        ],
        [
          -0.9758060199576065,
          0.09915941656100477,
          -0.19485897855058282
        ],
        [
          -0.20679292768472746,
          -0.12921276508644391,
          0.9698148000511719
        ]
      ],
      "T_cam_from_board_4x4": [
        [
          0.07098800232486083,
          0.9866465787940465,
          0.14659206008487968,
          -0.07771589144609516
        ],
        [
          -0.9758060199576065,
          0.09915941656100477,
          -0.19485897855058282,
          0.07761277407356718
        ],
        [
          -0.20679292768472746,
          -0.12921276508644391,
          0.9698148000511719,
          0.19483488676277638
        ],
        [
          0.0,
          0.0,
          0.0,
          1.0
        ]
      ],
      "reprojection_rmse_px": 0.6131159067153931
    },
    {
      "file": "WhatsApp Image 2026-01-16 at 23.09.26.jpeg",
      "rvec": [
        -0.10241602736124149,
        -0.5686852110664143,
        -2.7353281667610814
      ],
      "tvec": [
        0.019467033605004846,
        0.04830763061851624,
        0.12823407902739506
      ],
      "R": [
        [
          -0.9381670470797964,
          0.34618237450715145,
          0.000596115899409555
        ],
        [
          -0.31725795746279856,
          -0.8604673165820768,
          0.3986770441354419
        ],
        [
          0.13852790404863657,
          0.3738365427223914,
          0.917091194552243
        ]
      ],
      "T_cam_from_board_4x4": [
        [
          -0.9381670470797964,
          0.34618237450715145,
          0.000596115899409555,
          0.019467033605004846
        ],
        [
          -0.31725795746279856,
          -0.8604673165820768,
          0.3986770441354419,
          0.04830763061851624
        ],
        [
          0.13852790404863657,
          0.3738365427223914,
          0.917091194552243,
          0.12823407902739506
        ],
        [
          0.0,
          0.0,
          0.0,
          1.0
        ]
      ],
      "reprojection_rmse_px": 0.7175678014755249
    },
    {
      "file": "WhatsApp Image 2026-01-16 at 23.09.36.jpeg",
      "rvec": [
        -0.1769979583283724,
        0.46751497616328486,
        2.820685948868288
      ],
      "tvec": [
        0.10788485518806416,
        -0.0019176116588002791,
        0.12262637328982381
      ],
      "R": [
        [
          -0.954403562361907,
          -0.28901266845757395,
          -0.07473632063417246
        ],
        [
          0.2494460630304204,
          -0.9096385996470916,
          0.3321660423202554
        ],
        [
          -0.16398323630641312,
          0.2983777731385342,
          0.9402553922777386
        ]
      ],
      "T_cam_from_board_4x4": [
        [
          -0.954403562361907,
          -0.28901266845757395,
          -0.07473632063417246,
          0.10788485518806416
        ],
        [
          0.2494460630304204,
          -0.9096385996470916,
          0.3321660423202554,
          -0.0019176116588002791
        ],
        [
          -0.16398323630641312,
          0.2983777731385342,
          0.9402553922777386,
          0.12262637328982381
        ],
        [
          0.0,
          0.0,
          0.0,
          1.0
        ]
      ],
      "reprojection_rmse_px": 0.9801852703094482
    },
    {
      "file": "WhatsApp Image 2026-01-16 at 23.09.46.jpeg",
      "rvec": [
        0.19864104345547237,
        0.2301398131759761,
        -3.050844063054286
      ],
      "tvec": [
        0.08335507847290027,
        0.09012248295783944,
        0.16875657552360754
      ],
      "R": [
        [
          -0.9887574292417862,
          0.08490710094006669,
          -0.12308342832862408
        ],
        [
          -0.06548177897044934,
          -0.9858879276822266,
          -0.1540685908071798
        ],
        [
          -0.13442798347829008,
          -0.1442767419246717,
          0.9803638809123694
        ]
      ],
      "T_cam_from_board_4x4": [
        [
          -0.9887574292417862,
          0.08490710094006669,
          -0.12308342832862408,
          0.08335507847290027
        ],
        [
          -0.06548177897044934,
          -0.9858879276822266,
          -0.1540685908071798,
          0.09012248295783944
        ],
        [
          -0.13442798347829008,
          -0.1442767419246717,
          0.9803638809123694,
          0.16875657552360754
        ],
        [
          0.0,
          0.0,
          0.0,
          1.0
        ]
      ],
      "reprojection_rmse_px": 0.4131512939929962
    },
    {
      "file": "WhatsApp Image 2026-01-16 at 23.09.59.jpeg",
      "rvec": [
        0.12263005805848191,
        0.0939861539583613,
        -2.977683523790033
      ],
      "tvec": [
        0.0629702833594497,
        0.07841605228310854,
        0.13486138171988918
      ],
      "R": [
        [
          -0.9838812673945395,
          0.16158519566403726,
          -0.0766020640213405
        ],
        [
          -0.15643270805971685,
          -0.9852681807048105,
          -0.06910441331591169
        ],
        [
          -0.08663982640343966,
          -0.05600746943799318,
          0.9946641160954455
        ]
      ],
      "T_cam_from_board_4x4": [
        [
          -0.9838812673945395,
          0.16158519566403726,
          -0.0766020640213405,
          0.0629702833594497
        ],
        [
          -0.15643270805971685,
          -0.9852681807048105,
          -0.06910441331591169,
          0.07841605228310854
        ],
        [
          -0.08663982640343966,
          -0.05600746943799318,
          0.9946641160954455,
          0.13486138171988918
        ],
        [
          0.0,
          0.0,
          0.0,
          1.0
        ]
      ],
      "reprojection_rmse_px": 0.4321991205215454
    },
    {
      "file": "WhatsApp Image 2026-01-16 at 23.10.13 (1).jpeg",
      "rvec": [
        -0.3056914231129943,
        0.009151772579490295,
        -2.7502322610320373
      ],
      "tvec": [
        0.045450080846912655,
        0.08926358982007473,
        0.15261007345776068
      ],
      "R": [
        [
          -0.9071622173102354,
          0.36277617794829103,
          0.2131904223880781
        ],
        [
          -0.3641869685240516,
          -0.9307030144217152,
          0.034055115674359274
        ],
        [
          0.21077135346635398,
          -0.04674765940196794,
          0.9764169667198535
        ]
      ],
      "T_cam_from_board_4x4": [
        [
          -0.9071622173102354,
          0.36277617794829103,
          0.2131904223880781,
          0.045450080846912655
        ],
        [
          -0.3641869685240516,
          -0.9307030144217152,
          0.034055115674359274,
          0.08926358982007473
        ],
        [
          0.21077135346635398,
          -0.04674765940196794,
          0.9764169667198535,
          0.15261007345776068
        ],
        [
          0.0,
          0.0,
          0.0,
          1.0
        ]
      ],
      "reprojection_rmse_px": 0.39299482107162476
    },
    {
      "file": "WhatsApp Image 2026-01-16 at 23.10.13.jpeg",
      "rvec": [
        -0.3056914231129943,
        0.009151772579490207,
        -2.7502322610320373
      ],
      "tvec": [
        0.045450080846912655,
        0.08926358982007475,
        0.15261007345776068
      ],
      "R": [
        [
          -0.9071622173102354,
          0.36277617794829103,
          0.21319042238807806
        ],
        [
          -0.3641869685240516,
          -0.9307030144217152,
          0.034055115674359336
        ],
        [
          0.210771353466354,
          -0.04674765940196788,
          0.9764169667198535
        ]
      ],
      "T_cam_from_board_4x4": [
        [
          -0.9071622173102354,
          0.36277617794829103,
          0.21319042238807806,
          0.045450080846912655
        ],
        [
          -0.3641869685240516,
          -0.9307030144217152,
          0.034055115674359336,
          0.08926358982007475
        ],
        [
          0.210771353466354,
          -0.04674765940196788,
          0.9764169667198535,
          0.15261007345776068
        ],
        [
          0.0,
          0.0,
          0.0,
          1.0
        ]
      ],
      "reprojection_rmse_px": 0.39299482107162476
    },
    {
      "file": "WhatsApp Image 2026-01-16 at 23.10.23.jpeg",
      "rvec": [
        0.07437317068670773,
        0.20462578982771074,
        3.0353213034627995
      ],
      "tvec": [
        0.06843802825718551,
        0.03162804876568682,
        0.1371706709418212
      ],
      "R": [
        [
          -0.9939637596012978,
          -0.09478297166844188,
          0.055247016941666074
        ],
        [
          0.10134057718266098,
          -0.9861343741192299,
          0.13141188529489936
        ],
        [
          0.04202537347292139,
          0.13621741614850139,
          0.9897871910275902
        ]
      ],
      "T_cam_from_board_4x4": [
        [
          -0.9939637596012978,
          -0.09478297166844188,
          0.055247016941666074,
          0.06843802825718551
        ],
        [
          0.10134057718266098,
          -0.9861343741192299,
          0.13141188529489936,
          0.03162804876568682
        ],
        [
          0.04202537347292139,
          0.13621741614850139,
          0.9897871910275902,
          0.1371706709418212
        ],
        [
          0.0,
          0.0,
          0.0,
          1.0
        ]
      ],
      "reprojection_rmse_px": 0.35884037613868713
    },
    {
      "file": "WhatsApp Image 2026-01-16 at 23.10.31.jpeg",
      "rvec": [
        -0.061253103722539476,
        0.4659411795673094,
        -3.113780825711917
      ],
      "tvec": [
        0.07951111023954864,
        0.07527300957475822,
        0.17908760088473674
      ],
      "R": [
        [
          -0.9992155339480936,
          -0.013124845641632386,
          0.03736382132102499
        ],
        [
          0.001612722315288661,
          -0.9561869212725946,
          -0.2927524051378071
        ],
        [
          0.03956912740458056,
          -0.29246249334593366,
          0.9554579918250309
        ]
      ],
      "T_cam_from_board_4x4": [
        [
          -0.9992155339480936,
          -0.013124845641632386,
          0.03736382132102499,
          0.07951111023954864
        ],
        [
          0.001612722315288661,
          -0.9561869212725946,
          -0.2927524051378071,
          0.07527300957475822
        ],
        [
          0.03956912740458056,
          -0.29246249334593366,
          0.9554579918250309,
          0.17908760088473674
        ],
        [
          0.0,
          0.0,
          0.0,
          1.0
        ]
      ],
      "reprojection_rmse_px": 0.3496350944042206
    },
    {
      "file": "WhatsApp Image 2026-01-16 at 23.10.44.jpeg",
      "rvec": [
        -0.14886864924064303,
        0.0786447011760562,
        -2.975498830511861
      ],
      "tvec": [
        0.03514717907142417,
        0.07504067661051536,
        0.1353110858314342
      ],
      "R": [
        [
          -0.98205591409994,
          0.1577595496176415,
          0.1033349219081836
        ],
        [
          -0.16299791464566438,
          -0.9856301661635013,
          -0.04432668913503172
        ],
        [
          0.0948570577368716,
          -0.06037466399863394,
          0.993658411399288
        ]
      ],
      "T_cam_from_board_4x4": [
        [
          -0.98205591409994,
          0.1577595496176415,
          0.1033349219081836,
          0.03514717907142417
        ],
        [
          -0.16299791464566438,
          -0.9856301661635013,
          -0.04432668913503172,
          0.07504067661051536
        ],
        [
          0.0948570577368716,
          -0.06037466399863394,
          0.993658411399288,
          0.1353110858314342
        ],
        [
          0.0,
          0.0,
          0.0,
          1.0
        ]
      ],
      "reprojection_rmse_px": 0.4122988283634186
    },
    {
      "file": "WhatsApp Image 2026-01-16 at 23.10.54.jpeg",
      "rvec": [
        0.12435598481111393,
        0.5700171873358003,
        3.0501010166041023
      ],
      "tvec": [
        0.05338718847975914,
        0.024450236119103637,
        0.12329239579315046
      ],
      "R": [
        [
          -0.996138896058466,
          -0.020845537890564588,
          0.08528049782613616
        ],
        [
          0.050238117166459095,
          -0.9319808954380034,
          0.3590093900194623
        ],
        [
          0.0719960508846819,
          0.3619075490904139,
          0.9294296609041377
        ]
      ],
      "T_cam_from_board_4x4": [
        [
          -0.996138896058466,
          -0.020845537890564588,
          0.08528049782613616,
          0.05338718847975914
        ],
        [
          0.050238117166459095,
          -0.9319808954380034,
          0.3590093900194623,
          0.024450236119103637
        ],
        [
          0.0719960508846819,
          0.3619075490904139,
          0.9294296609041377,
          0.12329239579315046
        ],
        [
          0.0,
          0.0,
          0.0,
          1.0
        ]
      ],
      "reprojection_rmse_px": 0.5278952717781067
    },
    {
      "file": "WhatsApp Image 2026-01-16 at 23.11.07.jpeg",
      "rvec": [
        0.02395011501491201,
        0.510215801266705,
        2.8542547031115917
      ],
      "tvec": [
        0.1004188463633538,
        0.003313086524389572,
        0.14891011380855398
      ],
      "R": [
        [
          -0.9707272459269605,
          -0.23302861683443976,
          0.058191732671284815
        ],
        [
          0.23875753111188286,
          -0.909839398866492,
          0.3393922650969212
        ],
        [
          -0.026142979027201658,
          0.3433510332101659,
          0.9388432311313192
        ]
      ],
      "T_cam_from_board_4x4": [
        [
          -0.9707272459269605,
          -0.23302861683443976,
          0.058191732671284815,
          0.1004188463633538
        ],
        [
          0.23875753111188286,
          -0.909839398866492,
          0.3393922650969212,
          0.003313086524389572
        ],
        [
          -0.026142979027201658,
          0.3433510332101659,
          0.9388432311313192,
          0.14891011380855398
        ],
        [
          0.0,
          0.0,
          0.0,
          1.0
        ]
      ],
      "reprojection_rmse_px": 0.4569748640060425
    },
    {
      "file": "WhatsApp Image 2026-01-16 at 23.11.18.jpeg",
      "rvec": [
        -0.7380684974193688,
        0.03781982686645635,
        -2.9420705227597996
      ],
      "tvec": [
        0.08565125271315044,
        0.05399187877569094,
        0.11821721204321281
      ],
      "R": [
        [
          -0.8761086731196082,
          0.09860917145459516,
          0.47192141738814725
        ],
        [
          -0.11070752509138254,
          -0.9938507205095449,
          0.0021422490049869264
        ],
        [
          0.46923068609452695,
          -0.05036840922340823,
          0.8816380133476336
        ]
      ],
      "T_cam_from_board_4x4": [
        [
          -0.8761086731196082,
          0.09860917145459516,
          0.47192141738814725,
          0.08565125271315044
        ],
        [
          -0.11070752509138254,
          -0.9938507205095449,
          0.0021422490049869264,
          0.05399187877569094
        ],
        [
          0.46923068609452695,
          -0.05036840922340823,
          0.8816380133476336,
          0.11821721204321281
        ],
        [
          0.0,
          0.0,
          0.0,
          1.0
        ]
      ],
      "reprojection_rmse_px": 0.3486248552799225
    },
    {
      "file": "WhatsApp Image 2026-01-16 at 23.11.29.jpeg",
      "rvec": [
        0.8086655736670556,
        0.35493179486471255,
        3.0218866389363743
      ],
      "tvec": [
        0.06128494886265508,
        0.016096980947811357,
        0.12090459856312855
      ],
      "R": [
        [
          -0.8680261242478028,
          0.06434107923509973,
          0.4923320760890971
        ],
        [
          0.051488681496626436,
          -0.97455814033065,
          0.21814065827581036
        ],
        [
          0.4938416378770394,
          0.21470131960034045,
          0.8426290880694751
        ]
      ],
      "T_cam_from_board_4x4": [
        [
          -0.8680261242478028,
          0.06434107923509973,
          0.4923320760890971,
          0.06128494886265508
        ],
        [
          0.051488681496626436,
          -0.97455814033065,
          0.21814065827581036,
          0.016096980947811357
        ],
        [
          0.4938416378770394,
          0.21470131960034045,
          0.8426290880694751,
          0.12090459856312855
        ],
        [
          0.0,
          0.0,
          0.0,
          1.0
        ]
      ],
      "reprojection_rmse_px": 0.43697911500930786
    },
    {
      "file": "WhatsApp Image 2026-01-16 at 23.11.40.jpeg",
      "rvec": [
        -0.11176604007920886,
        -0.020262481601859714,
        2.507241832111693
      ],
      "tvec": [
        0.16785842676148754,
        0.018679144671298737,
        0.18528594705594537
      ],
      "R": [
        [
          -0.8033946989480105,
          -0.5893266506261476,
          -0.08515313596105598
        ],
        [
          0.5906259297719467,
          -0.8068602772741587,
          0.011726211583088677
        ],
        [
          -0.07561725188909693,
          -0.04087287387539947,
          0.9962988705192366
        ]
      ],
      "T_cam_from_board_4x4": [
        [
          -0.8033946989480105,
          -0.5893266506261476,
          -0.08515313596105598,
          0.16785842676148754
        ],
        [
          0.5906259297719467,
          -0.8068602772741587,
          0.011726211583088677,
          0.018679144671298737
        ],
        [
          -0.07561725188909693,
          -0.04087287387539947,
          0.9962988705192366,
          0.18528594705594537
        ],
        [
          0.0,
          0.0,
          0.0,
          1.0
        ]
      ],
      "reprojection_rmse_px": 0.3455469310283661
    }
  ]
}